tweet_id retweet_count favorite_count
892420643555336193 8199 37617
892177421306343426 6065 32326
891815181378084864 4011 24354
891689557279858688 8355 40935
891327558926688256 9054 39144
891087950875897856 3004 19681
890971913173991426 1987 11509
890729181411237888 18220 63463
890609185150312448 4125 27068
890240255349198849 7122 31010
890006608113172480 7082 29828
889880896479866881 4811 27046
889665388333682689 9699 46759
889638837579907072 4380 26367
889531135344209921 2175 14701
889278841981685760 5198 24554
888917238123831296 4348 28325
888804989199671297 4133 24849
888554962724278272 3418 19282
888078434458587136 3367 21162
887705289381826560 5198 29375
887517139158093824 11305 45011
887473957103951883 17545 67035
887343217045368832 10075 32738
887101392804085760 5756 29737
886983233522544640 7505 34158
886736880519319552 3153 11707
886680336477933568 4315 21828
886366144734445568 3093 20610
886267009285017600 4 116
886258384151887873 6095 27230
886054160059072513 105 0
885984800019947520 6551 31705
885528943205470208 6216 34987
885518971528720385 3625 19880
885311592912609280 17927 0
885167619883638784 4239 21304
884925521741709313 17630 75141
884876753390489601 5432 27124
884562892145688576 4529 23617
884441805382717440 5482 26259
884247878851493888 19842 70881
884162670584377345 2884 19803
883838122936631299 3331 21289
883482846933004288 9601 44638
883360690899218434 3588 22058
883117836046086144 6446 36148
882992080364220416 3799 23285
882762694511734784 4736 27524
882627270321602560 5895 27170
882268110199369728 11223 43700
882045870035918850 4794 28547
881906580714921986 3288 23646
881666595344535552 10340 49210
881633300179243008 7 124
881536004380872706 15455 48085
881268444196462592 5026 22491
880935762899988482 2698 16587
880872448815771648 3706 20685
880465832366813184 6080 27754
880221127280381952 4085 26289
880095782870896641 4204 26872
879862464715927552 3385 21741
879674319642796034 10 302
879492040517615616 3080 22802
879415818425184262 42898 102977
879376492567855104 3018 16357
879130579576475649 6601 0
879050749262655488 4557 21932
879008229531029506 2613 18475
878776093423087618 4002 18893
878604707211726852 6975 29398
878404777348136964 1248 0
878316110768087041 6443 0
878281511006478336 1248 7529
878057613040115712 6601 40936
877736472329191424 18513 77528
877611172832227328 78 0
877556246731214848 3691 22144
877316821321428993 5041 26687
877201837425926144 5423 26419
876838120628539392 3242 20152
876537666061221889 4507 22944
876484053909872640 2324 18276
876120275196170240 4547 27226
875747767867523072 4164 24553
875144289856114688 4804 21377
875097192612077568 5894 26711
875021211251597312 4598 24843
874680097055178752 4522 27130
874434818259525634 14315 0
874296783580663808 4001 25416
874057562936811520 3850 22147
874012996292530176 10137 33679
873580283840344065 3840 23631
873337748698140672 1547 0
873213775632977920 1547 7054
872967104147763200 5281 26674
872820683541237760 3615 14386
872620804844003328 3607 20310
872486979161796608 8821 39776
872122724285648897 7956 33615
871879754684805121 10911 37086
871762521631449091 3410 19833
871515927908634625 3386 19771
871166179821445120 5585 0
871102520638267392 5408 20504
871032628920680449 3746 22213
870804317367881728 6082 32956
870726314365509632 3 116
870656317836468226 2596 12157
870374049280663552 25794 81172
870308999962521604 4083 21433
870063196459192321 8201 35937
869772420881756160 9881 41679
869702957897576449 6249 27744
869596645499047938 3090 15715
869227993411051520 3744 20123
868880397819494401 14283 64476
868639477480148993 2060 0
868622495443632128 5232 26299
868552278524837888 2060 9967
867900495410671616 4129 23827
867774946302451713 7266 33486
867421006826221569 2473 15897
867072653475098625 119 0
867051520902168576 7787 31817
866720684873056260 4766 19799
866686824827068416 3449 19022
866450705531457537 35021 120690
866334964761202691 14315 51874
866094527597207552 8303 0
865718153858494464 5584 25345
865359393868664832 4972 26154
865006731092295680 7644 27703
864873206498414592 8668 31938
864279568663928832 3009 14466
864197398364647424 8889 29830
863907417377173506 4122 20425
863553081350529029 4168 15164
863471782782697472 2436 0
863432100342583297 5222 23610
863427515083354112 96 2231
863079547188785154 1100 8699
863062471531167744 2436 8441
862831371563274240 5101 19018
862722525377298433 3522 16931
862457590147678208 4954 20360
862096992088072192 23254 73900
861383897657036800 10710 35895
861288531465048066 4164 17085
861005113778896900 3803 16610
860981674716409858 2167 0
860924035999428608 818 0
860563773140209665 2167 7471
860524505164394496 5302 23513
860276583193509888 3489 18247
860184849394610176 5880 16621
860177593139703809 31018 0
859924526012018688 4102 19491
859851578198683649 3532 15369
859607811541651456 1581 18545
859196978902773760 30393 89645
859074603037188101 13715 33808
858860390427611136 8203 0
858843525470990336 3513 15535
858471635011153920 4877 21509
858107933456039936 2922 15718
857989990357356544 2609 16138
857746408056729600 10756 34271
857393404942143489 1661 5905
857263160327368704 4566 20053
857214891891077121 18 228
857062103051644929 173 0
857029823797047296 4060 18969
856543823941562368 2925 16310
856526610513747968 1914 11875
856330835276025856 688 0
856288084350160898 17 521
856282028240666624 6433 27844
855862651834028034 26 347
855860136149123072 1044 5042
855857698524602368 2150 11927
855851453814013952 18073 45768
855818117272018944 5543 26774
855459453768019968 8370 30095
855245323840757760 6102 0
855138241867124737 46 0
854732716440526848 6241 23027
854482394044301312 7030 29572
854365224396361728 4797 19069
854120357044912130 7667 32308
854010172552949760 3226 16365
853760880890318849 5932 28925
853639147608842240 10411 35232
853299958564483072 3665 15727
852936405516943360 2067 0
852912242202992640 1889 9186
852672615818899456 2220 15150
852553447878664193 3617 16580
852311364735569921 10193 33644
852226086759018497 7000 20326
852189679701164033 1634 11644
851953902622658560 9945 0
851861385021730816 23 0
851591660324737024 3581 16505
851464819735769094 7323 24702
851224888060895234 5923 21062
850753642995093505 9597 31546
850380195714523136 2713 13331
850333567704068097 347 3511
850145622816686080 3959 16657
850019790995546112 5072 20869
849776966551130114 7887 31124
849668094696017920 5136 0
849412302885593088 3262 16229
849336543269576704 1961 11665
849051919805034497 8840 43390
848690551926992896 4488 25794
848324959059550208 4778 25343
848213670039564288 776 8368
848212111729840128 3192 16723
847978865427394560 3391 0
847971574464610304 443 0
847962785489326080 5304 24090
847842811428974592 1386 5597
847617282490613760 441 7173
847606175596138505 3547 19259
847251039262605312 4472 20991
847157206088847362 6102 20452
847116187444137987 3330 21984
846874817362120707 4094 20602
846514051647705089 12110 45825
846505985330044928 3210 14484
846153765933735936 9485 32558
846139713627017216 10354 31772
846042936437604353 3023 16447
845812042753855489 9130 30109
845677943972139009 4999 25871
845397057150107648 1888 7856
845306882940190720 5647 24016
845098359547420673 8014 0
844979544864018432 2698 14007
844973813909606400 3369 15553
844580511645339650 3287 16994
844223788422217728 2308 14035
843981021012017153 3073 15609
843856843873095681 4859 22096
843604394117681152 2891 17411
843235543001513987 6351 22212
842846295480000512 3790 15706
842765311967449089 1341 6967
842535590457499648 3690 18664
842163532590374912 6102 25258
842115215311396866 3193 14462
841833993020538882 16101 0
841680585030541313 8162 26507
841439858740625411 3878 13051
841320156043304961 5735 20440
841314665196081154 4933 16364
841077006473256960 5585 23649
840761248237133825 1847 0
840728873075638272 17002 0
840698636975636481 2 181
840696689258311684 1036 12711
840632337062862849 1847 9277
840370681858686976 4797 17031
840268004936019968 6042 19932
839990271299457024 2419 13882
839549326359670784 8203 28483
839290600511926273 148 0
839239871831150596 6899 28159
838952994649550848 4201 20318
838921590096166913 2185 11581
838916489579200512 36 0
838831947270979586 11675 0
838561493054533637 1397 11320
838476387338051585 5077 23387
838201503651401729 10659 0
838150277551247360 352 1744
838085839343206401 1 147
838083903487373313 3337 18270
837820167694528512 8303 35446
837482249356513284 464 3981
837471256429613056 2413 13260
837366284874571778 5614 21958
837110210464448512 2527 16632
836989968035819520 2431 13194
836753516572119041 4883 19998
836677758902222849 2353 13102
836648853927522308 577 0
836397794269200385 29326 0
836380477523124226 3146 15317
836260088725786625 4538 22088
836001077879255040 4540 19835
835685285446955009 8636 0
835574547218894849 3838 18503
835536468978302976 1806 0
835309094223372289 22287 0
835297930240217089 3182 17077
835264098648616962 1806 8027
835246439529840640 77 2176
835172783151792128 6089 27173
835152434251116546 3200 23351
834931633769889797 1749 11243
834786237630337024 5837 22049
834574053763584002 2688 14229
834477809192075265 11336 0
834458053273591808 1784 10000
834209720923721728 5078 21435
834167344700198914 3866 16402
834089966724603904 2258 10458
834086379323871233 2356 13596
833863086058651648 2546 13959
833826103416520705 3965 18744
833732339549220864 227 0
833722901757046785 3408 21570
833479644947025920 2187 15459
833124694597443584 5136 21040
832998151111966721 2356 13836
832769181346996225 39 0
832757312314028032 3852 17532
832682457690300417 3117 12362
832645525019123713 553 3042
832636094638288896 2961 16501
832397543355072512 2366 12425
832369877331693569 3391 17895
832273440279240704 2482 11781
832215909146226688 6592 0
832215726631055365 9974 0
832088576586297345 2 69
832040443403784192 10322 0
832032802820481025 4946 18595
831939777352105988 6527 25012
831926988323639298 35 357
831911600680497154 6942 28822
831670449226514432 1931 10904
831650051525054464 2067 7479
831552930092285952 2447 9367
831322785565769729 1632 9625
831315979191906304 1191 6814
831309418084069378 2611 12243
831262627380748289 2185 12424
830956169170665475 1589 8313
830583320585068544 17927 69773
830173239259324417 6076 0
830097400375152640 3197 10251
829878982036299777 5362 0
829861396166877184 2089 12774
829501995190984704 11336 33136
829449946868879360 2159 10926
829374341691346946 9945 36127
829141528400556032 7908 25564
829011960981237760 17328 55369
828801551087042563 3622 0
828770345708580865 6258 26689
828708714936930305 11995 38218
828650029636317184 1438 9919
828409743546925057 1226 6588
828408677031882754 1374 8011
828381636999917570 2377 13194
828376505180889089 1138 7713
828372645993398273 3158 13113
828361771580813312 181 2293
828046555563323392 3060 12298
828011680017821696 2292 10832
827933404142436356 5588 21036
827653905312006145 3213 16130
827600520311402496 1016 7735
827324948884643840 3266 16591
827199976799354881 2399 11060
826958653328592898 5362 22580
826848821049180160 10941 38144
826615380357632002 4232 0
826598799820865537 270 5354
826598365270007810 2513 10546
826476773533745153 4492 19304
826240494070030336 2774 13883
826204788643753985 998 5100
826115272272650244 3357 16396
825876512159186944 2004 10964
825829644528148480 2669 13331
825535076884762624 18434 54596
825147591692263424 4897 19181
825120256414846976 1366 0
825026590719483904 1366 6649
824796380199809024 5888 0
824775126675836928 3770 15689
824663926340194305 1854 10572
824325613288833024 11146 12366
824297048279236611 4148 15796
824025158776213504 631 5009
823939628516474880 2904 11160
823719002937630720 12039 0
823699002998870016 2588 13216
823581115634085888 2838 13667
823333489516937216 27 733
823322678127919110 4315 16523
823269594223824897 10576 0
822975315408461824 3697 18159
822872901745569793 47116 138822
822859134160621569 2455 13895
822647212903690241 6882 0
822610361945911296 3182 15524
822489057087389700 6882 19082
822462944365645825 15723 29843
822244816520155136 10576 36783
822163064745328640 5156 0
821886076407029760 2514 11911
821813639212650496 3597 0
821765923262631936 1782 8842
821522889702862852 1906 8436
821421320206483457 6021 0
821407182352777218 4669 12383
821153421864615936 10 266
821149554670182400 2164 9148
821107785811234820 2288 10079
821044531881721856 2464 13308
820837357901512704 7213 0
820749716845686786 10659 33156
820690176645140481 3466 12827
820494788566847489 607 0
820446719150292993 2778 0
820314633777061888 607 3505
820078625395449857 6768 20849
820013781606658049 1274 0
819952236453363712 1274 5595
819924195358416896 5205 13541
819711362133872643 3368 14163
819588359383371776 2122 10088
819347104292290561 1297 7600
819238181065359361 436 2411
819227688460238848 7213 24294
819015337530290176 39645 0
819015331746349057 20425 0
819006400881917954 20425 47581
819004803107983360 39645 91252
818646164899774465 22498 0
818627210458333184 8048 23378
818614493328580609 2781 10376
818588835076603904 6621 0
818536468981415936 2671 11493
818307523543449600 8766 0
818259473185828864 2461 11605
818145370475810820 2796 12937
817908911860748288 850 5106
817827839487737858 29326 54545
817777686764523521 2888 11281
817536400337801217 3280 12421
817502432452313088 3658 0
817423860136083457 16101 35965
817415592588222464 1039 5906
817181837579653120 9160 0
817171292965273600 2172 9208
817120970343411712 2824 12844
817056546584727552 1776 9044
816829038950027264 5079 0
816816676327063552 2190 10571
816697700272001025 2379 10336
816450570814898180 8766 32203
816336735214911488 2114 9073
816091915477250048 2331 9435
816062466425819140 1125 0
816014286006976512 5731 0
815990720817401858 1125 5265
815966073409433600 9160 23635
815745968457060357 4465 0
815736392542261248 2454 10387
815639385530101762 1774 8666
815390420867969024 4111 10929
814986499976527872 1386 8074
814638523311648768 2928 11891
814578408554463233 6264 0
814530161257443328 2003 9131
814153002265309185 9377 30382
813944609378369540 3448 0
813910438903693312 2026 9819
813812741911748608 15132 38441
813800681631023104 1895 8810
813217897535406080 7901 19721
813202720496779264 1951 9713
813187593374461952 4714 20963
813172488309972993 2068 9847
813157409116065792 2401 8199
813142292504645637 2551 8913
813130366689148928 481 4722
813127251579564032 3382 12528
813112105746448384 2976 10920
813096984823349248 3885 11134
813081950185472002 2994 10440
813066809284972545 2100 8414
813051746834595840 7936 22148
812781120811126785 2069 8023
812709060537683968 1542 7002
812503143955202048 1323 6416
812466873996607488 2090 8445
812372279581671427 3970 14463
811985624773361665 1521 7677
811744202451197953 1731 7979
811647686436880384 804 5907
811627233043480576 3373 13520
811386762094317568 6905 22115
810984652412424192 1554 5642
810896069567610880 1934 9576
810657578271330305 2866 11610
810284430598270976 12335 37423
810254108431155201 3622 15539
809920764300447744 4232 16385
809808892968534016 5296 0
809448704142938112 1586 7340
809220051211603969 6076 21090
809084759137812480 3805 14012
808838249661788160 3294 10705
808733504066486276 2348 8372
808501579447930884 2808 11936
808344865868283904 22498 44978
808134635716833280 6434 0
808106460588765185 2379 9271
808001312164028416 3840 13308
807621403335917568 3972 15414
807106840509214720 60272 125606
807059379405148160 7922 0
807010152071229440 4151 13814
806629075125202948 37706 79430
806620845233815552 5989 0
806576416489959424 2084 5145
806542213899489280 2556 10821
806242860592926720 12639 0
806219024703037440 1290 6807
805958939288408065 5836 0
805932879469572096 2073 8761
805826884734976000 1985 6971
805823200554876929 8711 0
805520635690676224 1782 6082
805487436403003392 2747 9290
805207613751304193 1845 8261
804738756058218496 4164 14533
804475857670639616 2177 6501
804413760345620481 3493 0
804026241225523202 17600 47197
803773340896923648 2999 10644
803692223237865472 8051 0
803638050916102144 4469 11627
803380650405482500 2012 8211
803321560782307329 5745 0
803276597545603072 2667 10619
802952499103731712 2175 9565
802624713319034886 3167 0
802600418706604034 1595 7530
802572683846291456 2705 9478
802323869084381190 6321 17192
802265048156610565 1481 7007
802239329049477120 2833 9613
802185808107208704 286 0
801958328846974976 1851 8181
801854953262350336 253 1870
801538201127157760 2222 8699
801285448605831168 901 6409
801167903437357056 6434 25989
801127390143516673 4287 0
801115127852503040 2265 8564
800859414831898624 103 732
800855607700029440 1768 0
800751577355128832 3003 11139
800513324630806528 3267 13925
800459316964663297 2337 10044
800443802682937345 4677 0
800388270626521089 3044 11825
800188575492947969 4280 0
800141422401830912 2778 16242
800018252395122689 14281 30082
799774291445383169 5072 0
799757965289017345 2346 8895
799422933579902976 2074 8537
799308762079035393 5974 0
799297110730567681 3002 10500
799063482566066176 2671 8557
798933969379225600 4851 13927
798925684722855936 1548 7896
798705661114773508 7153 0
798701998996647937 8443 0
798697898615730177 7045 0
798694562394996736 5372 0
798686750113755136 2514 0
798682547630837760 5112 0
798673117451325440 6012 0
798665375516884993 4229 0
798644042770751489 2006 0
798628517273620480 2130 0
798585098161549313 6188 0
798576900688019456 6341 0
798340744599797760 3638 0
798209839306514432 2768 11006
797971864723324932 3408 12352
797545162159308800 5259 15402
797236660651966464 7210 21172
797165961484890113 29 243
796904159865868288 9636 0
796865951799083009 2065 8130
796759840936919040 3308 12579
796563435802726400 7918 0
796484825502875648 1913 8030
796387464403357696 4519 11673
796177847564038144 15523 0
796149749086875649 15523 34271
796125600683540480 1937 5246
796116448414461957 2621 9666
796080075804475393 2510 8980
796031486298386433 3986 11485
795464331001561088 25844 52758
795400264262053889 3116 10704
795076730285391872 5888 17210
794983741416415232 3658 0
794926597468000259 2499 10893
794355576146903043 11164 0
794332329137291264 2882 10164
794205286408003585 3589 9770
793962221541933056 5296 17827
793845145112371200 2032 9773
793614319594401792 3381 0
793601777308463104 1765 8461
793500921481273345 2580 11344
793286476301799424 9974 26083
793271401113350145 2577 9184
793256262322548741 9046 21189
793241302385262592 3554 11144
793226087023144960 3107 10438
793210959003287553 3046 9474
793195938047070209 6108 16208
793180763617361921 2162 7356
793165685325201412 3016 9995
793150605191548928 1843 6545
793135492858580992 2707 6854
793120401413079041 4241 13461
792913359805018113 4357 15213
792883833364439040 4638 11994
792773781206999040 1819 7791
792394556390137856 4656 14261
792050063153438720 1959 7612
791821351946420224 22800 0
791784077045166082 10429 0
791780927877898241 4133 0
791774931465953280 24083 47832
791672322847637504 3381 12446
791406955684368384 4465 13901
791312159183634433 2755 9316
791026214425268224 4456 0
790987426131050500 2312 10457
790946055508652032 5079 17628
790723298204217344 2505 0
790698755171364864 2076 8685
790581949425475584 7791 21912
790337589677002753 2021 8286
790277117346975746 3448 13307
790227638568808452 3871 0
789986466051088384 2505 9794
789960241177853952 4475 0
789903600034189313 4471 11004
789628658055020548 1931 7960
789599242079838210 2099 7163
789530877013393408 3658 12458
789314372632018944 2502 9123
789280767834746880 5359 0
789268448748703744 2806 9653
789137962068021249 3035 10281
788908386943430656 13416 29035
788765914992902144 11164 29062
788552643979468800 7796 0
788412144018661376 5736 16485
788178268662984705 2297 7647
788150585577050112 1409 6500
788070120937619456 3708 0
788039637453406209 1432 6503
787810552592695296 3310 9179
787717603741622272 3017 10825
787397959788929025 3072 11494
787322443945877504 1894 8244
787111942498508800 7291 0
786963064373534720 8636 28163
786729988674449408 2600 0
786709082849828864 6592 19243
786664955043049472 2765 11274
786595970293370880 3352 9967
786363235746385920 3784 11528
786286427768250368 3096 8414
786233965241827333 5156 16183
786051337297522688 166 1517
786036967502913536 7634 0
785927819176054784 3419 12016
785872687017132033 1966 7067
785639753186217984 2400 8263
785533386513321988 2168 9618
785515384317313025 1356 6443
785264754247995392 1760 7685
785170936622350336 5247 12767
784826020293709826 3493 10721
784517518371221505 2740 9469
784431430411685888 1386 6029
784183165795655680 8711 21258
784057939640352768 12039 31565
783839966405230592 11675 31741
783821107061198850 2112 7766
783695101801398276 3484 11033
783466772167098368 2429 8934
783391753726550016 5939 17818
783347506784731136 6046 0
783334639985389568 12639 30853
783085703974514689 2395 8597
782969140009107456 7922 25471
782747134529531904 1506 7898
782722598790725632 5836 18268
782598640137187329 2021 8236
782305867769217024 6021 17593
782021823840026624 6716 0
781955203444699136 3628 11737
781661882474196992 2922 11022
781655249211752448 1207 4215
781524693396357120 5989 21906
781308096455073793 2745 7514
781251288990355457 2255 8892
781163403222056960 2952 10319
780931614150983680 7918 22845
780858289093574656 2157 7591
780800785462489090 1404 5804
780601303617732608 3597 12755
780543529827336192 1862 6647
780496263422808064 3988 0
780476555013349377 125 0
780459368902959104 1151 5586
780192070812196864 2409 9176
780092040432480260 2479 0
780074436359819264 5384 12900
779834332596887552 7634 19995
779377524342161408 3359 9307
779124354206535695 19842 0
779123168116150273 3934 12448
779056095788752897 4869 15602
778990705243029504 7812 21076
778774459159379968 10735 0
778764940568104960 394 909
778748913645780993 1429 7266
778650543019483137 1614 6077
778624900596654080 1086 4898
778408200802557953 4689 14388
778396591732486144 13170 0
778383385161035776 1194 6167
778286810187399168 3546 10945
778039087836069888 2826 8916
778027034220126208 1744 6901
777953400541634568 3797 0
777885040357281792 1772 6707
777684233540206592 3167 11827
777641927919427584 4565 0
777621514455814149 2678 9233
777189768882946048 4650 15098
776819012571455488 14813 0
776813020089548800 1304 5142
776477788987613185 3001 9302
776249906839351296 9835 0
776218204058357768 17186 31582
776201521193218049 2711 10115
776113305656188928 4677 12378
776088319444877312 161 1925
775898661951791106 17684 0
775842724423557120 2871 12322
775733305207554048 4287 14581
775729183532220416 4908 13598
775364825476165632 3195 7819
775350846108426240 4186 10691
775085132600442880 5072 16366
774757898236878852 1900 8996
774639387460112384 1853 7078
774314403806253056 5974 22921
773985732834758656 4163 11292
773922284943896577 1857 6736
773704687002451968 1741 6954
773670353721753600 1393 5598
773547596996571136 6621 23256
773336787167145985 5459 0
773308824254029826 8014 24450
773247561583001600 3458 9897
773191612633579521 4410 10514
772877495989305348 4156 9009
772826264096874500 2511 8425
772615324260794368 3615 0
772581559778025472 1812 6821
772193107915964416 1491 6338
772152991789019136 1197 3981
772117678702071809 789 3954
772114945936949249 503 2857
772102971039580160 996 4215
771908950375665664 2036 6910
771770456517009408 3638 12618
771500966810099713 2813 8697
771380798096281600 5459 11037
771171053431250945 8099 0
771136648247640064 3138 9635
771102124360998913 1544 6568
771014301343748096 1767 7205
771004394259247104 234 0
770787852854652928 1298 5199
770772759874076672 1512 5457
770655142660169732 1869 7701
770414278348247044 2216 6610
770293558247038976 1599 6546
770093767776997377 3257 0
770069151037685760 2454 7949
769940425801170949 10322 32997
769695466921623552 1770 6711
769335591808995329 8231 0
769212283578875904 1833 5679
768970937022709760 7003 15131
768909767477751808 2879 0
768855141948723200 954 4408
768609597686943744 1290 4322
768596291618299904 1367 5269
768554158521745409 6237 0
768473857036525572 3663 14300
768193404517830656 3797 11446
767884188863397888 1498 4987
767754930266464257 5745 16823
767500508068192258 2497 7852
767191397493538821 4066 12876
767122157629476866 3046 10626
766864461642756096 6032 0
766793450729734144 1452 5329
766714921925144576 413 2731
766693177336135680 846 4226
766423258543644672 1705 6318
766313316352462849 2014 7123
766078092750233600 2778 0
766069199026450432 914 4468
766008592277377025 528 3927
765719909049503744 2290 7596
765669560888528897 1301 5457
765395769549590528 3632 27752
765371061932261376 2309 7439
765222098633691136 3615 12178
764857477905154048 1898 6750
764259802650378240 1620 6336
763956972077010945 58 782
763837565564780549 4456 13225
763183847194451968 1571 5664
763167063695355904 3221 0
763103485927849985 2443 7709
762699858130116608 3871 12745
762471784394268675 6907 11807
762464539388485633 4475 10798
762316489655476224 1200 5045
762035686371364864 16690 33478
761976711479193600 2159 5660
761750502866649088 4197 0
761745352076779520 920 4460
761672994376806400 31018 51926
761599872357261312 1257 4327
761371037149827077 19195 0
761334018830917632 1547 5448
761292947749015552 1170 4677
761227390836215808 1660 5567
761004547850530816 3708 11852
760893934457552897 1036 4000
760656994973933572 2053 6927
760641137271070720 1378 5199
760539183865880579 3881 7932
760521673607086080 1491 4427
760290219849637889 12260 28077
760252756032651264 924 4121
760190180481531904 1933 5966
760153949710192640 33 0
759943073749200896 2229 6215
759923798737051648 6032 15348
759846353224826880 2116 7025
759793422261743616 2027 6243
759566828574212096 22554 0
759557299618865152 1251 4914
759447681597108224 2600 8889
759446261539934208 517 1749
759197388317847553 2076 6339
759159934323924993 1236 0
759099523532779520 4445 15204
759047813560868866 2159 6806
758854675097526272 955 3722
758828659922702336 4080 11690
758740312047005698 1716 5992
758474966123810816 1058 4005
758467244762497024 2369 5018
758405701903519748 2054 5438
758355060040593408 1157 3581
758099635764359168 10735 20063
758041019896193024 399 2829
757741869644341248 3463 7209
757729163776290825 8646 0
757725642876129280 1294 4739
757611664640446465 1189 4786
757597904299253760 312 0
757596066325864448 1127 4538
757400162377592832 7294 15821
757393109802180609 1860 6089
757354760399941633 1518 4721
756998049151549440 2120 6564
756939218950160384 2140 6951
756651752796094464 1392 5293
756526248105566208 3849 10866
756303284449767430 1158 4125
756288534030475264 18584 44796
756275833623502848 1616 6709
755955933503782912 3082 7659
755206590534418437 5741 17190
755110668769038337 11814 22190
754874841593970688 8526 0
754856583969079297 2687 7182
754747087846248448 553 2697
754482103782404096 2078 5534
754449512966619136 778 3915
754120377874386944 2483 8198
753655901052166144 2315 6111
753420520834629632 3800 8287
753398408988139520 2046 6024
753375668877008896 2479 7975
753298634498793472 6125 0
753294487569522689 1114 3541
753039830821511168 22287 38796
753026973505581056 1041 4075
752932432744185856 7291 13189
752917284578922496 1672 7207
752701944171524096 3078 0
752682090207055872 1708 6246
752660715232722944 1671 4603
752568224206688256 2427 5762
752519690950500352 3675 7694
752334515931054080 1175 3985
752309394570878976 17787 0
752173152931807232 1958 6213
751950017322246144 989 3210
751937170840121344 1435 5436
751830394383790080 2075 6052
751793661361422336 3093 6111
751598357617971201 3235 8239
751583847268179968 1180 4590
751538714308972544 1348 5258
751456908746354688 1066 3348
751251247299190784 6246 13032
751205363882532864 1952 6573
751132876104687617 1382 5289
750868782890057730 1471 4989
750719632563142656 5359 13771
750506206503038976 1216 4636
750429297815552001 4565 13735
750383411068534784 1211 4749
750381685133418496 30 722
750147208377409536 1019 3243
750132105863102464 1359 3797
750117059602808832 1378 4514
750101899009982464 897 3169
750086836815486976 572 2268
750071704093859840 3550 8202
750056684286914561 952 3282
750041628174217216 656 3310
750026558547456000 836 2824
750011400160841729 965 3393
749996283729883136 858 3174
749981277374128128 2606 5321
749774190421639168 1393 4860
749417653287129088 1763 6360
749403093750648834 577 2740
749395845976588288 3677 8951
749317047558017024 2351 5714
749075273010798592 2196 5993
749064354620928000 1609 4989
749036806121881602 830 3236
748977405889503236 3611 11182
748932637671223296 2400 6082
748705597323898880 1003 2876
748699167502000129 1690 4924
748692773788876800 1406 4413
748575535303884801 2097 6319
748568946752774144 710 2278
748346686624440324 1312 5436
748337862848962560 4367 7979
748324050481647620 808 3852
748307329658011649 753 3816
748220828303695873 8259 14729
747963614829678593 2264 6012
747933425676525569 2703 6886
747885874273214464 1042 3063
747844099428986880 790 2928
747816857231626240 1227 5032
747651430853525504 163 1441
747648653817413632 6186 13413
747600769478692864 583 2415
747594051852075008 1112 3842
747512671126323200 1679 5759
747461612269887489 1088 4018
747439450712596480 2040 5640
747242308580548608 3040 0
747219827526344708 1668 5501
747204161125646336 972 3516
747103485104099331 4223 9961
746906459439529985 311 3000
746872823977771008 2273 6233
746818907684614144 1826 5512
746790600704425984 1681 5065
746757706116112384 4133 9941
746726898085036033 1891 6271
746542875601690625 1982 5236
746521445350707200 1038 0
746507379341139972 1144 4816
746369468511756288 1737 6413
746131877086527488 2329 7183
746056683365994496 858 3683
745789745784041472 1126 4177
745712589599014916 2456 7254
745433870967832576 2681 7366
745422732645535745 2558 8914
745314880350101504 2934 7459
745074613265149952 3726 8133
745057283344719872 2406 7515
744995568523612160 654 3084
744971049620602880 2848 8176
744709971296780288 1645 5811
744334592493166593 2251 7032
744234799360020481 82628 162466
744223424764059648 389 1745
743980027717509120 1147 4317
743895849529389061 1011 3773
743835915802583040 2198 0
743609206067040256 1451 4650
743595368194129920 6922 19119
743545585370791937 985 3656
743510151680958465 3910 8211
743253157753532416 1287 4384
743222593470234624 1998 6423
743210557239623680 1441 3990
742534281772302336 3747 7311
742528092657332225 2098 4589
742465774154047488 4112 7531
742423170473463808 3988 10187
742385895052087300 2095 7060
742161199639494656 1449 4506
742150209887731712 1640 5325
741793263812808706 1584 4718
741743634094141440 2913 8483
741438259667034112 874 3805
741303864243200000 3396 9089
741099773336379392 5850 10388
741067306818797568 3257 9803
740995100998766593 2920 6612
740711788199743490 983 3534
740699697422163968 823 2941
740676976021798912 7153 18807
740373189193256964 14008 36059
740365076218183684 454 2565
740359016048689152 899 3417
740214038584557568 2072 6928
739979191639244800 6237 20688
739932936087216128 1132 4198
739844404073074688 898 3931
739623569819336705 1432 3932
739606147276148736 1741 5568
739544079319588864 22554 41069
739485634323156992 3086 7437
739238157791694849 61184 120084
738891149612572673 6 111
738885046782832640 1203 3907
738883359779196928 853 3450
738537504001953792 1637 5278
738402415918125056 884 3365
738184450748633089 1264 4468
738166403467907072 3579 9105
738156290900254721 687 2617
737826014890496000 1853 5462
737800304142471168 3638 10347
737678689543020544 1397 5215
737445876994609152 4692 10642
737322739594330112 852 3733
737310737551491075 7816 15197
736736130620620800 1825 4449
736392552031657984 7796 18359
736365877722001409 1315 4125
736225175608430592 2910 8412
736010884653420544 3127 8153
735991953473572864 1210 3727
735648611367784448 1155 4139
735635087207878657 2466 6396
735274964362878976 5336 13471
735256018284875776 932 3453
735137028879360001 1017 3232
734912297295085568 545 2835
734787690684657664 6626 13005
734776360183431168 570 2599
734559631394082816 416 1540
733828123016450049 818 3702
733822306246479872 1061 3785
733482008106668032 992 3257
733460102733135873 1342 4340
733109485275860992 17684 50908
732732193018155009 559 2518
732726085725589504 926 3657
732585889486888962 815 3801
732375214819057664 2646 8371
732005617171337216 5731 15427
731285275100512256 1030 3609
731156023742988288 1336 3962
730924654643314689 2080 6341
730573383004487680 2253 5074
730427201120833536 1099 3588
730211855403241472 1104 3952
730196704625098752 2024 5035
729854734790754305 1182 4173
729838605770891264 404 1761
729823566028484608 1303 4121
729463711119904772 2432 5994
729113531270991872 343 1949
728986383096946689 856 3253
728760639972315136 1787 4833
728751179681943552 708 2868
728653952833728512 1085 3420
728409960103686147 2099 5074
728387165835677696 1004 3797
728046963732717569 1236 4453
728035342121635841 1748 4704
728015554473250816 1152 4235
727685679342333952 665 3036
727644517743104000 1830 6088
727524757080539137 1279 4615
727314416056803329 782 3448
727286334147182592 854 3143
727175381690781696 1449 4019
727155742655025152 1396 3761
726935089318363137 2573 7107
726887082820554753 1584 3962
726828223124897792 1045 3672
726224900189511680 1200 4558
725842289046749185 2778 7272
725786712245440512 1426 4294
725729321944506368 1876 5360
725458796924002305 653 1454
724983749226668032 1368 3837
724771698126512129 673 2452
724405726123311104 1720 5469
724049859469295616 1851 4463
724046343203856385 590 2747
724004602748780546 1643 4316
723912936180330496 1288 4025
723688335806480385 3117 7933
723673163800948736 934 3119
723179728551723008 1964 5462
722974582966214656 1643 4225
722613351520608256 1719 5126
721503162398597120 1963 4796
721001180231503872 644 2614
720785406564900865 803 3217
720775346191278080 709 2565
720415127506415616 1574 4265
720389942216527872 2630 6592
720340705894408192 1024 2958
720059472081784833 1173 4010
720043174954147842 2099 5066
719991154352222208 1828 4986
719704490224398336 1514 4703
719551379208073216 2024 5216
719367763014393856 775 2875
719339463458033665 1306 4550
719332531645071360 998 3530
718971898235854848 1145 3601
718939241951195136 1847 5402
718631497683582976 8443 19467
718613305783398402 502 2515
718540630683709445 1062 2550
718460005985447936 547 2786
718454725339934721 1578 5017
718246886998687744 521 1991
718234618122661888 1052 3998
717841801130979328 620 2533
717790033953034240 1179 2977
717537687239008257 1924 5932
717428917016076293 472 1658
717421804990701568 876 3251
717047459982213120 2004 6472
717009362452090881 1019 3370
716802964044845056 1235 4426
716791146589110272 1604 7498
716730379797970944 449 1274
716447146686459905 6188 13505
716439118184652801 219 2440
716285507865542656 1136 2870
716080869887381504 2005 6941
715928423106027520 915 3290
715758151270801409 1499 3840
715733265223708672 1765 4824
715704790270025728 592 2885
715696743237730304 1351 4028
715680795826982913 1699 4470
715360349751484417 1647 5644
715342466308784130 716 3133
715220193576927233 685 2498
715200624753819648 1976 5293
715009755312439296 1290 4302
714982300363173890 1077 3876
714962719905021952 4480 7601
714957620017307648 1484 4260
714631576617938945 1051 3374
714606013974974464 969 3751
714485234495041536 1210 2790
714258258790387713 749 3127
714251586676113411 875 3377
714214115368108032 918 2345
714141408463036416 1468 4456
713919462244790272 812 3390
713909862279876608 566 1979
713900603437621249 771 2935
713761197720473600 1441 5038
713411074226274305 1355 4565
713177543487135744 2957 7449
713175907180089344 1526 4608
712809025985978368 7045 19160
712717840512598017 5245 12764
712668654853337088 1268 4300
712438159032893441 1636 5504
712309440758808576 25 251
712097430750289920 1088 3921
712092745624633345 937 3043
712085617388212225 506 3361
712065007010385924 659 2344
711998809858043904 130 0
711968124745228288 2424 8334
711743778164514816 1030 2937
711732680602345472 4329 9181
711694788429553666 19195 33948
711652651650457602 960 3993
711363825979756544 1187 3788
711306686208872448 769 3422
711008018775851008 643 3092
710997087345876993 1451 4706
710844581445812225 723 2636
710833117892898816 559 2779
710658690886586372 589 2389
710609963652087808 2473 4957
710588934686908417 1958 4697
710296729921429505 774 2454
710283270106132480 541 2213
710272297844797440 1313 4692
710269109699739648 1180 2481
710153181850935296 935 3010
710140971284037632 927 2862
710117014656950272 2090 5684
709918798883774466 1113 3092
709901256215666688 105 695
709852847387627521 1252 3627
709566166965075968 1260 3661
709556954897764353 1112 3403
709519240576036864 245 1538
709449600415961088 605 2309
709409458133323776 719 2708
709225125749587968 597 2492
709207347839836162 6134 13006
709198395643068416 670 2510
709179584944730112 697 2075
709158332880297985 439 2116
709042156699303936 1717 4921
708853462201716736 688 1852
708845821941387268 941 3090
708834316713893888 530 1752
708810915978854401 7278 17056
708738143638450176 855 2839
708711088997666817 753 2640
708479650088034305 703 2637
708469915515297792 856 3194
708400866336894977 10632 16541
708356463048204288 1389 3727
708349470027751425 768 2432
708149363256774660 1608 4422
708130923141795840 880 3509
708119489313951744 1026 2774
708109389455101952 567 1996
708026248782585858 2006 4514
707995814724026368 1179 3237
707983188426153984 2 51
707969809498152960 1017 2797
707776935007539200 994 3394
707741517457260545 643 2580
707738799544082433 2602 4238
707693576495472641 1046 3547
707629649552134146 926 2666
707610948723478529 6716 17545
707420581654872064 723 2358
707411934438625280 620 2369
707387676719185920 1360 3626
707377100785885184 1132 3395
707315916783140866 673 2561
707297311098011648 829 2870
707059547140169728 709 2675
707038192327901184 828 2260
707021089608753152 1434 4219
707014260413456384 623 2384
706904523814649856 8231 15096
706901761596989440 625 2140
706681918348251136 1017 3449
706644897839910912 1153 2671
706593038911545345 658 2230
706538006853918722 1483 3579
706516534877929472 1082 3207
706346369204748288 968 3567
706310011488698368 8385 22089
706291001778950144 490 1762
706265994973601792 966 2831
706169069255446529 2340 4037
706166467411222528 1681 5320
706153300320784384 400 1534
705975130514706432 770 3214
705970349788291072 929 3246
705898680587526145 581 2451
705786532653883392 549 2011
705591895322394625 1212 3286
705475953783398401 964 3052
705442520700944385 1717 4603
705428427625635840 1767 3945
705239209544720384 780 3106
705223444686888960 841 2663
705102439679201280 536 2230
705066031337840642 634 2251
704871453724954624 1166 4425
704859558691414016 571 2333
704847917308362754 1610 5278
704819833553219584 1040 2736
704761120771465216 3040 6869
704499785726889984 1048 3036
704491224099647488 84 791
704480331685040129 1108 3520
704364645503647744 3730 8297
704347321748819968 363 1650
704134088924532736 492 1561
704113298707505153 590 1920
704054845121142784 951 3027
703774238772166656 486 1906
703769065844768768 1198 3401
703631701117943808 721 2693
703611486317502464 1589 3994
703425003149250560 1447 3931
703407252292673536 730 2540
703382836347330562 1190 3636
703356393781329922 405 1986
703268521220972544 568 2037
703079050210877440 3254 7664
703041949650034688 13170 27282
702932127499816960 757 2687
702899151802126337 477 1668
702684942141153280 1136 3341
702671118226825216 587 2284
702598099714314240 3603 12614
702539513671897089 1006 2976
702332542343577600 1637 3306
702321140488925184 1087 3396
702276748847800320 804 2564
702217446468493312 1401 4970
701981390485725185 1043 3575
701952816642965504 1075 3964
701889187134500865 1447 3674
701805642395348998 1778 3551
701601587219795968 479 2162
701570477911896070 976 2916
701545186879471618 642 2759
701214700881756160 5372 12653
700890391244103680 601 2295
700864154249383937 642 2680
700847567345688576 526 2534
700796979434098688 1005 2524
700747788515020802 9835 23682
700518061187723268 844 2731
700505138482569216 598 2368
700462010979500032 1890 4287
700167517596164096 782 2734
700151421916807169 698 2316
700143752053182464 2879 7798
700062718104104960 730 2743
700029284593901568 611 2150
700002074055016451 1410 3438
699801817392291840 1010 3172
699788877217865730 522 2314
699779630832685056 1309 2870
699775878809702401 635 2025
699691744225525762 4837 10626
699446877801091073 2746 6162
699434518667751424 532 2240
699423671849451520 347 1426
699413908797464576 647 2153
699370870310113280 459 1952
699323444782047232 908 3277
699088579889332224 663 2324
699079609774645248 687 2541
699072405256409088 1250 3120
699060279947165696 1899 3911
699036661657767936 1255 2701
698989035503689728 1031 3498
698953797952008193 955 2802
698907974262222848 657 2631
698710712454139905 715 2563
698703483621523456 399 1505
698635131305795584 356 1338
698549713696649216 650 2412
698355670425473025 477 1939
698342080612007937 995 2339
698262614669991936 2114 4920
698195409219559425 6264 17381
698178924120031232 781 2910
697995514407682048 351 1585
697990423684476929 1360 3408
697943111201378304 720 2489
697881462549430272 1254 3130
697630435728322560 567 1816
697616773278015490 1065 3275
697596423848730625 1326 3149
697575480820686848 523 2115
697516214579523584 1184 2151
697482927769255936 707 2508
697463031882764288 1450 3535
697270446429966336 1963 4848
697259378236399616 1049 3412
697255105972801536 1218 3133
697242256848379904 703 2606
696900204696625153 1071 3303
696894894812565505 708 2427
696886256886657024 1893 5022
696877980375769088 744 2527
696754882863349760 374 1537
696744641916489729 987 2145
696713835009417216 678 2462
696518437233913856 1786 4037
696490539101908992 150 1261
696488710901260288 1083 2630
696405997980676096 1203 3335
696100768806522880 700 2010
695816827381944320 1227 3120
695794761660297217 817 3298
695767669421768709 789 1939
695629776980148225 2211 4728
695446424020918272 1904 4544
695409464418041856 3761 8970
695314793360662529 1540 3772
695095422348574720 648 2739
695074328191332352 1168 2951
695064344191721472 633 1664
695051054296211456 829 2756
694925794720792577 961 2792
694905863685980160 977 2856
694669722378485760 15195 37062
694356675654983680 299 1564
694352839993344000 652 2124
694342028726001664 506 1630
694329668942569472 524 2080
694206574471057408 2137 4332
694183373896572928 980 3060
694001791655137281 1083 3521
693993230313091072 424 1941
693942351086120961 386 1803
693647888581312512 623 2799
693644216740769793 131 1393
693642232151285760 432 2631
693629975228977152 837 2542
693622659251335168 387 1605
693590843962331137 2073 5243
693582294167244802 267 1707
693486665285931008 666 1848
693280720173801472 1298 3491
693267061318012928 856 2475
693262851218264065 524 2319
693231807727280129 769 2978
693155686491000832 3373 8163
693109034023534592 646 1782
693095443459342336 486 1946
692919143163629568 787 2762
692905862751522816 919 2529
692901601640583168 628 1851
692894228850999298 850 2368
692828166163931137 923 2992
692752401762250755 3817 7078
692568918515392513 1615 4514
692535307825213440 1431 3308
692530551048294401 435 1915
692423280028966913 240 1534
692417313023332352 3658 9680
692187005137076224 859 2622
692158366030913536 830 2228
692142790915014657 414 1707
692041934689402880 1340 3528
692017291282812928 1001 2974
691820333922455552 1748 4094
691793053716221953 4429 8426
691756958957883396 1070 2999
691675652215414786 530 2019
691483041324204033 590 2470
691459709405118465 1213 4201
691444869282295808 888 2752
691416866452082688 8051 20029
691321916024623104 693 2673
691096613310316544 928 3072
691090071332753408 353 1776
690989312272396288 3013 6121
690959652130045952 1320 3719
690938899477221376 2097 4274
690932576555528194 1081 3406
690735892932222976 1339 3931
690728923253055490 541 2256
690690673629138944 844 2412
690649993829576704 293 1361
690607260360429569 17 305
690597161306841088 636 2042
690400367696297985 475 1947
690374419777196032 902 3391
690360449368465409 941 2746
690348396616552449 542 1565
690248561355657216 435 1742
690021994562220032 1089 2893
690015576308211712 779 2605
690005060500217858 1781 3808
689999384604450816 394 1483
689993469801164801 476 1511
689977555533848577 469 1424
689905486972461056 728 2512
689877686181715968 1242 3139
689835978131935233 792 2249
689661964914655233 976 3322
689659372465688576 4076 10743
689623661272240129 676 2309
689599056876867584 5826 12055
689557536375177216 483 2126
689517482558820352 1510 3527
689289219123089408 992 2340
689283819090870273 1160 3414
689280876073582592 752 2072
689275259254616065 258 1199
689255633275777024 1138 2653
689154315265683456 1053 3180
689143371370250240 538 2098
688916208532455424 917 2838
688908934925697024 817 2194
688898160958271489 831 2183
688894073864884227 733 2322
688828561667567616 393 1429
688804835492233216 203 1003
688789766343622656 695 2303
688547210804498433 738 2713
688519176466644993 774 2403
688385280030670848 4699 9633
688211956440801280 875 2315
688179443353796608 619 2202
688116655151435777 822 2939
688064179421470721 380 1797
687841446767013888 2667 5670
687826841265172480 1186 2832
687818504314159109 1002 2589
687807801670897665 742 2491
687732144991551489 695 1834
687704180304273409 883 2538
687664829264453632 536 2008
687494652870668288 602 1975
687480748861947905 253 1658
687476254459715584 560 2054
687460506001633280 569 2131
687399393394311168 660 1967
687317306314240000 9636 20854
687312378585812992 2002 4529
687127927494963200 2416 5659
687124485711986689 525 2249
687109925361856513 2601 6031
687102708889812993 1039 2427
687096057537363968 634 2333
686947101016735744 3351 8937
686760001961103360 1453 3656
686749460672679938 1539 3605
686730991906516992 1266 4308
686683045143953408 849 2916
686618349602762752 1437 3832
686606069955735556 573 1972
686394059078897668 714 1804
686386521809772549 927 3379
686377065986265092 594 2288
686358356425093120 717 2280
686286779679375361 1752 4149
686050296934563840 766 2285
686035780142297088 128 1202
686034024800862208 1222 3228
686007916130873345 445 2576
686003207160610816 674 1889
685973236358713344 549 2192
685943807276412928 631 1684
685906723014619143 3076 7800
685681090388975616 134 2106
685667379192414208 603 2429
685663452032069632 1538 3381
685641971164143616 825 3042
685547936038666240 16573 34174
685532292383666176 1215 3151
685325112850124800 4197 9834
685321586178670592 680 2749
685315239903100929 1142 3475
685307451701334016 465 2151
685268753634967552 1271 3218
685198997565345792 701 2425
685169283572338688 1500 4246
684969860808454144 397 2460
684959798585110529 3302 7064
684940049151070208 1100 3341
684926975086034944 490 3633
684914660081053696 1547 3645
684902183876321280 558 1954
684880619965411328 866 2182
684830982659280897 22800 36325
684800227459624960 1055 2825
684594889858887680 3723 9252
684588130326986752 1482 4260
684567543613382656 1296 3130
684538444857667585 1007 2740
684481074559381504 1233 4027
684460069371654144 585 2063
684241637099323392 3500 8455
684225744407494656 223 1283
684222868335505415 1449 3979
684200372118904832 1081 2244
684195085588783105 546 1988
684188786104872960 1243 3610
684177701129875456 709 2092
684147889187209216 1572 3091
684122891630342144 499 2072
684097758874210310 1515 4265
683857920510050305 1176 3944
683852578183077888 370 2000
683849932751646720 1036 2717
683834909291606017 1167 2721
683828599284170753 1119 2913
683773439333797890 1430 3470
683742671509258241 3503 6739
683515932363329536 3078 7623
683498322573824003 1019 3286
683481228088049664 1052 2743
683462770029932544 709 2518
683449695444799489 1700 4053
683391852557561860 2514 7901
683357973142474752 983 3044
683142553609318400 1096 2998
683111407806746624 962 3518
683098815881154561 697 2249
683078886620553216 590 2061
683030066213818368 768 2232
682962037429899265 17608 38296
682808988178739200 190 1843
682788441537560576 1181 2566
682750546109968385 462 1583
682697186228989953 380 1367
682662431982772225 1144 3169
682638830361513985 638 2137
682429480204398592 1227 3564
682406705142087680 1864 7869
682393905736888321 719 2317
682389078323662849 494 1724
682303737705140231 1060 3186
682259524040966145 1279 4325
682242692827447297 1246 3385
682088079302213632 10429 18936
682059653698686977 1782 5132
682047327939461121 1015 3322
682032003584274432 2126 6830
682003177596559360 1621 3266
681981167097122816 1089 2903
681891461017812993 865 2556
681694085539872773 4280 13247
681679526984871937 473 1835
681654059175129088 977 2727
681610798867845120 501 1985
681579835668455424 1374 3680
681523177663676416 6125 14835
681340665377193984 295 1697
681339448655802368 4287 9628
681320187870711809 792 2743
681302363064414209 1930 4087
681297372102656000 1014 3323
681281657291280384 1163 3333
681261549936340994 290 1514
681242418453299201 569 1549
681231109724700672 511 2492
681193455364796417 1564 3853
680970795137544192 703 2515
680959110691590145 2114 4726
680940246314430465 1113 3331
680934982542561280 464 2146
680913438424612864 652 2484
680889648562991104 383 1829
680836378243002368 1403 3582
680805554198020098 698 2235
680801747103793152 868 2455
680798457301471234 1099 2964
680609293079592961 750 2731
680583894916304897 1420 3748
680497766108381184 2008 4385
680494726643068929 510 1783
680473011644985345 785 2638
680440374763077632 533 1510
680221482581123072 305 1515
680206703334408192 1246 2941
680191257256136705 530 2227
680176173301628928 1654 4038
680161097740095489 774 2406
680145970311643136 1841 3738
680130881361686529 1002 2366
680115823365742593 952 2809
680100725817409536 1444 3695
680085611152338944 9449 13229
680070545539371008 927 2672
679877062409191424 683 2045
679872969355714560 698 2256
679862121895714818 654 2543
679854723806179328 1303 2960
679844490799091713 804 2449
679828447187857408 14813 37477
679777920601223168 1172 3192
679736210798047232 837 2165
679729593985699840 867 2240
679722016581222400 495 1712
679530280114372609 2191 4934
679527802031484928 763 2735
679511351870550016 1334 3490
679503373272485890 1554 3247
679475951516934144 668 2161
679462823135686656 19842 32785
679405845277462528 1265 2456
679158373988876288 8526 22111
679148763231985668 1087 2867
679132435750195208 1220 3064
679111216690831360 2695 6163
679062614270468097 8645 17599
679047485189439488 713 2322
679001094530465792 1302 2915
678991772295516161 1239 2396
678969228704284672 486 1697
678800283649069056 951 2661
678798276842360832 1249 3580
678774928607469569 966 2889
678767140346941444 1438 3654
678764513869611008 501 1694
678755239630127104 3479 7355
678740035362037760 1783 3876
678708137298427904 2544 5744
678675843183484930 1553 2968
678643457146150913 443 2114
678446151570427904 1642 4123
678424312106393600 2667 5573
678410210315247616 1916 4367
678399652199309312 33340 81513
678396796259975168 443 1642
678389028614488064 440 1929
678380236862578688 956 2521
678341075375947776 566 1782
678334497360859136 271 1343
678278586130948096 6376 11790
678255464182861824 391 1634
678023323247357953 402 1988
678021115718029313 6690 14124
677961670166224897 1768 3514
677918531514703872 430 1392
677895101218201600 2214 4975
677716515794329600 1012 3148
677700003327029250 1517 3492
677698403548192770 334 1264
677687604918272002 889 2549
677673981332312066 1571 3434
677662372920729601 1019 2005
677644091929329666 836 1912
677573743309385728 759 2198
677565715327688705 480 1331
677557565589463040 1213 2500
677547928504967168 3813 7117
677530072887205888 236 1102
677335745548390400 1868 3117
677334615166730240 306 1386
677331501395156992 245 1127
677328882937298944 1569 3727
677314812125323265 555 1687
677301033169788928 430 1275
677269281705472000 738 2048
677228873407442944 1716 3637
677187300187611136 964 2803
676975532580409345 1121 2858
676957860086095872 843 2271
676949632774234114 417 1343
676948236477857792 910 2229
676946864479084545 394 1753
676942428000112642 790 2121
676936541936185344 5112 13027
676916996760600576 1877 3040
676897532954456065 748 2311
676864501615042560 739 2154
676821958043033607 16287 23614
676819651066732545 694 1849
676811746707918848 443 1450
676776431406465024 2094 5133
676617503762681856 1023 2966
676613908052996102 205 1111
676606785097199616 457 1923
676603393314578432 400 1191
676593408224403456 2251 4674
676590572941893632 130 934
676588346097852417 828 2379
676582956622721024 290 1229
676575501977128964 1164 2653
676533798876651520 580 1917
676496375194980353 555 1553
676470639084101634 4857 11845
676440007570247681 693 1754
676430933382295552 360 1427
676263575653122048 574 2124
676237365392908289 304 1250
676219687039057920 32283 77137
676215927814406144 606 1777
676191832485810177 1073 2329
676146341966438401 689 1960
676121918416756736 1204 2198
676101918813499392 1210 2872
676098748976615425 1494 3068
676089483918516224 447 1344
675898130735476737 596 1652
675891555769696257 899 2165
675888385639251968 1002 2424
675878199931371520 1453 4250
675870721063669760 596 1671
675853064436391936 1345 2739
675849018447167488 154 959
675845657354215424 920 2321
675822767435051008 556 1552
675820929667219457 239 1073
675798442703122432 3505 10434
675781562965868544 490 1654
675740360753160193 360 1192
675710890956750848 852 1925
675707330206547968 721 2017
675706639471788032 101 655
675534494439489536 433 1854
675531475945709568 398 1204
675522403582218240 295 1059
675517828909424640 472 1320
675501075957489664 6012 17431
675497103322386432 1344 3194
675489971617296384 622 1323
675483430902214656 1002 1869
675432746517426176 590 1554
675372240448454658 528 1720
675362609739206656 236 1068
675354435921575936 17787 33272
675349384339542016 2333 3976
675334060156301312 1337 2827
675166823650848770 1665 3667
675153376133427200 2687 6376
675149409102012420 1729 3798
675147105808306176 246 959
675146535592706048 324 1210
675145476954566656 931 2168
675135153782571009 510 1319
675113801096802304 806 1980
675111688094527488 260 981
675109292475830276 1171 2839
675047298674663426 339 1073
675015141583413248 1240 2747
675006312288268288 232 1004
675003128568291329 487 1577
674999807681908736 1135 2279
674805413498527744 366 867
674800520222154752 884 3055
674793399141146624 1121 2543
674790488185167872 255 1120
674788554665512960 217 826
674781762103414784 1240 2027
674774481756377088 486 1136
674767892831932416 815 1856
674764817387900928 245 797
674754018082705410 462 1382
674752233200820224 481 1480
674743008475090944 570 1427
674742531037511680 52 495
674739953134403584 404 1128
674737130913071104 96 659
674690135443775488 482 1162
674670581682434048 671 1633
674664755118911488 262 939
674646392044941312 508 1452
674644256330530816 277 1039
674638615994089473 596 1705
674632714662858753 597 1520
674606911342424069 102 946
674468880899788800 2116 6298
674447403907457024 364 1082
674436901579923456 402 1125
674422304705744896 551 1451
674416750885273600 144 687
674410619106390016 477 1216
674394782723014656 589 1518
674372068062928900 322 855
674330906434379776 76 566
674318007229923329 528 1435
674307341513269249 7143 11440
674291837063053312 6045 14891
674271431610523648 749 1589
674269164442398721 231 914
674265582246694913 874 1665
674262580978937856 464 1319
674255168825880576 568 1483
674082852460433408 174 760
674075285688614912 297 992
674063288070742018 2262 6436
674053186244734976 1330 3356
674051556661161984 496 1460
674045139690631169 654 1432
674042553264685056 132 732
674038233588723717 423 1113
674036086168010753 217 853
674024893172875264 1253 1799
674019345211760640 307 1144
674014384960745472 662 1577
674008982932058114 365 1213
673956914389192708 983 1961
673919437611909120 377 1180
673906403526995968 1653 3213
673887867907739649 256 940
673716320723169284 768 3107
673715861853720576 2131 3569
673711475735838725 303 1044
673709992831262724 279 858
673708611235921920 297 1092
673707060090052608 401 1108
673705679337693185 410 1266
673700254269775872 583 1447
673697980713705472 1995 3830
673689733134946305 662 1746
673688752737402881 503 1271
673686845050527744 449 1442
673680198160809984 479 1379
673662677122719744 367 1266
673656262056419329 247 720
673636718965334016 366 1115
673612854080196609 735 1607
673583129559498752 372 1198
673580926094458881 274 841
673576835670777856 571 1390
673363615379013632 311 1032
673359818736984064 683 1463
673355879178194945 589 1502
673352124999274496 546 1662
673350198937153538 218 753
673345638550134785 1299 2530
673343217010679808 277 980
673342308415348736 596 1281
673320132811366400 8099 13543
673317986296586240 265 880
673295268553605120 3221 7573
673270968295534593 374 1069
673240798075449344 747 1433
673213039743795200 857 2264
673148804208660480 643 1701
672997845381865473 735 1982
672995267319328768 302 963
672988786805112832 299 988
672984142909456390 550 1263
672980819271634944 1026 1832
672975131468300288 929 1692
672970152493887488 363 949
672968025906282496 556 1325
672964561327235073 650 1429
672902681409806336 514 1373
672898206762672129 430 910
672884426393653248 844 1555
672877615439593473 374 1040
672834301050937345 577 1320
672828477930868736 503 1262
672640509974827008 327 979
672622327801233409 502 1304
672614745925664768 597 1227
672609152938721280 394 1122
672604026190569472 404 1114
672594978741354496 617 1335
672591762242805761 340 955
672591271085670400 185 729
672538107540070400 371 1033
672523490734551040 173 644
672488522314567680 446 1117
672482722825261057 610 1144
672481316919734272 127 721
672475084225949696 713 1431
672466075045466113 550 1360
672272411274932228 3444 6476
672267570918129665 626 1504
672264251789176834 343 1146
672256522047614977 1576 2826
672254177670729728 753 1434
672248013293752320 622 1723
672245253877968896 162 689
672239279297454080 327 899
672231046314901505 1037 1839
672222792075620352 214 786
672205392827572224 1171 2273
672169685991993344 373 1023
672160042234327040 364 879
672139350159835138 721 1755
672125275208069120 1158 2413
672095186491711488 373 1006
672082170312290304 373 945
672068090318987265 525 1294
671896809300709376 4229 8516
671891728106971137 582 1338
671882082306625538 1401 3485
671879137494245376 690 1431
671874878652489728 566 1251
671866342182637568 507 1122
671855973984772097 452 908
671789708968640512 3537 7088
671768281401958400 532 1197
671763349865160704 940 1690
671744970634719232 784 1356
671743150407421952 236 745
671735591348891648 767 1458
671729906628341761 4415 8525
671561002136281088 7331 12859
671550332464455680 210 916
671547767500775424 605 1357
671544874165002241 1062 1981
671542985629241344 573 1095
671538301157904385 400 931
671536543010570240 415 1179
671533943490011136 589 1020
671528761649688577 263 846
671520732782923777 533 1405
671518598289059840 293 957
671511350426865664 734 1609
671504605491109889 3591 7041
671497587707535361 453 922
671488513339211776 477 1014
671486386088865792 208 579
671485057807351808 234 763
671390180817915904 742 1430
671362598324076544 297 1111
671357843010908160 150 400
671355857343524864 116 482
671347597085433856 434 958
671186162933985280 215 734
671182547775299584 351 1120
671166507850801152 356 879
671163268581498880 1122 1669
671159727754231808 82 375
671154572044468225 222 717
671151324042559489 157 672
671147085991960577 229 675
671141549288370177 665 1161
671138694582165504 411 925
671134062904504320 199 751
671122204919246848 2553 3494
671115716440031232 787 1371
671109016219725825 448 1150
670995969505435648 298 1105
670842764863651840 8852 24665
670840546554966016 196 593
670838202509447168 704 1114
670833812859932673 128 449
670832455012716544 222 736
670826280409919488 4110 5569
670823764196741120 197 780
670822709593571328 97 615
670815497391357952 1559 3183
670811965569282048 275 1134
670807719151067136 500 1165
670804601705242624 975 1971
670803562457407488 88 346
670797304698376195 240 739
670792680469889025 285 834
670789397210615808 245 662
670786190031921152 203 607
670783437142401025 401 822
670782429121134593 783 1571
670780561024270336 292 788
670778058496974848 74 328
670764103623966721 428 1077
670755717859713024 112 442
670733412878163972 521 966
670727704916926465 365 828
670717338665226240 502 1211
670704688707301377 375 771
670691627984359425 248 592
670679630144274432 287 749
670676092097810432 44 248
670668383499735048 5107 10742
670474236058800128 768 1523
670468609693655041 86 353
670465786746662913 559 975
670452855871037440 208 552
670449342516494336 672 1193
670444955656130560 2006 6746
670442337873600512 202 644
670435821946826752 522 1055
670434127938719744 656 1405
670433248821026816 114 329
670428280563085312 636 1387
670427002554466305 166 522
670421925039075328 640 1312
670420569653809152 320 628
670417414769758208 318 572
670411370698022913 911 2021
670408998013820928 229 556
670403879788544000 159 435
670385711116361728 213 562
670374371102445568 274 747
670361874861563904 69 330
670338931251150849 113 422
670319130621435904 1236 3869
670303360680108032 138 430
670290420111441920 292 704
670093938074779648 338 1027
670086499208155136 254 700
670079681849372674 1254 2227
670073503555706880 801 1582
670069087419133954 244 627
670061506722140161 347 769
670055038660800512 335 669
670046952931721218 180 646
670040295598354432 113 755
670037189829525505 280 589
670003130994700288 93 332
669993076832759809 86 327
669972011175813120 160 446
669970042633789440 62 304
669942763794931712 166 504
669926384437997569 106 374
669923323644657664 57 233
669753178989142016 406 818
669749430875258880 65 268
669684865554620416 90 515
669683899023405056 112 389
669682095984410625 136 348
669680153564442624 295 667
669661792646373376 444 802
669625907762618368 1840 3539
669603084620980224 367 952
669597912108789760 152 514
669583744538451968 936 1495
669573570759163904 143 435
669571471778410496 1030 1596
669567591774625800 56 236
669564461267722241 127 385
669393256313184256 78 368
669375718304980992 739 1333
669371483794317312 184 495
669367896104181761 160 467
669363888236994561 231 620
669359674819481600 127 370
669354382627049472 1290 2712
669353438988365824 265 648
669351434509529089 190 438
669328503091937280 424 1020
669327207240699904 118 577
669324657376567296 211 499
669216679721873412 409 1195
669214165781868544 169 440
669203728096960512 486 1006
669037058363662336 318 659
669015743032369152 379 738
669006782128353280 251 578
669000397445533696 6443 20966
668994913074286592 233 440
668992363537309700 352 746
668989615043424256 334 681
668988183816871936 477 899
668986018524233728 171 555
668981893510119424 311 537
668979806671884288 354 800
668975677807423489 587 1305
668967877119254528 24 145
668960084974809088 241 704
668955713004314625 72 281
668932921458302977 59 264
668902994700836864 102 319
668892474547511297 154 397
668872652652679168 304 529
668852170888998912 168 455
668826086256599040 139 433
668815180734689280 275 578
668779399630725120 375 706
668655139528511488 222 536
668645506898350081 536 889
668643542311546881 538 881
668641109086707712 545 1078
668636665813057536 496 1041
668633411083464705 1671 2817
668631377374486528 323 718
668627278264475648 118 318
668625577880875008 137 388
668623201287675904 782 1434
668620235289837568 43 201
668614819948453888 316 615
668587383441514497 1088 1673
668567822092664832 56 245
668544745690562560 230 515
668542336805281792 219 457
668537837512433665 77 252
668528771708952576 231 460
668507509523615744 109 326
668496999348633600 135 414
668484198282485761 238 428
668480044826800133 150 459
668466899341221888 523 883
668297328638447616 298 617
668291999406125056 31 243
668286279830867968 138 503
668274247790391296 232 823
668268907921326080 237 551
668256321989451776 625 1310
668248472370458624 496 985
668237644992782336 2881 6211
668226093875376128 105 298
668221241640230912 200 509
668204964695683073 197 553
668190681446379520 198 652
668171859951755264 195 491
668154635664932864 320 495
668142349051129856 284 568
668113020489474048 244 665
667937095915278337 795 1264
667924896115245057 113 301
667915453470232577 56 209
667911425562669056 308 492
667902449697558528 379 851
667886921285246976 1102 1882
667885044254572545 490 813
667878741721415682 121 391
667873844930215936 408 626
667866724293877760 1038 2998
667861340749471744 78 239
667832474953625600 63 291
667806454573760512 497 1048
667801013445750784 97 328
667793409583771648 334 697
667782464991965184 246 407
667773195014021121 57 236
667766675769573376 217 441
667728196545200128 152 377
667724302356258817 319 480
667550904950915073 35 0
667550882905632768 33 0
667549055577362432 2296 5777
667546741521195010 125 331
667544320556335104 529 862
667538891197542400 65 203
667534815156183040 542 814
667530908589760512 239 461
667524857454854144 1112 1687
667517642048163840 193 366
667509364010450944 2130 6757
667502640335572993 220 531
667495797102141441 271 514
667491009379606528 225 528
667470559035432960 100 253
667455448082227200 60 189
667453023279554560 89 304
667443425659232256 577 772
667437278097252352 237 448
667435689202614272 83 302
667405339315146752 220 461
667393430834667520 55 193
667369227918143488 163 363
667211855547486208 242 488
667200525029539841 260 608
667192066997374976 107 383
667188689915760640 414 739
667182792070062081 6187 14251
667177989038297088 54 191
667176164155375616 464 608
667174963120574464 82 240
667171260800061440 88 219
667165590075940865 1135 2670
667160273090932737 62 254
667152164079423490 17002 47379
667138269671505920 2198 4570
667119796878725120 127 327
667090893657276420 126 329
667073648344346624 122 399
667070482143944705 14 82
667065535570550784 46 164
667062181243039745 54 215
667044094246576128 50 183
667012601033924608 221 441
666996132027977728 94 244
666983947667116034 978 2523
666837028449972224 550 804
666835007768551424 80 210
666826780179869698 97 251
666817836334096384 248 511
666804364988780544 92 236
666786068205871104 484 750
666781792255496192 189 381
666776908487630848 172 346
666739327293083650 65 232
666701168228331520 217 425
666691418707132416 47 186
666649482315059201 615 1104
666644823164719104 79 228
666454714377183233 207 511
666447344410484738 19 101
666437273139982337 47 122
666435652385423360 53 163
666430724426358785 194 311
666428276349472768 81 163
666421158376562688 112 310
666418789513326592 45 122
666411507551481857 321 431
666407126856765440 38 105
666396247373291520 82 162
666373753744588802 88 183
666362758909284353 558 756
666353288456101888 71 213
666345417576210432 132 284
666337882303524864 88 192
666293911632134144 343 488
666287406224695296 63 142
666273097616637952 76 169
666268910803644416 35 100
666104133288665088 6340 13958
666102155909144576 11 77
666099513787052032 65 150
666094000022159362 71 160
666082916733198337 44 113
666073100786774016 158 315
666071193221509120 58 142
666063827256086533 212 461
666058600524156928 57 109
666057090499244032 138 286
666055525042405380 235 426
666051853826850816 827 1189
666050758794694657 57 130
666049248165822465 42 105
666044226329800704 136 289
666033412701032449 43 121
666029285002620928 46 125
666020888022790149 496 2513
